//https://wiki.alliedmods.net/Team_Fortress_2_Item_Definition_Indexes
var classes_item_index = {
	scout: [
		52,
		106,
		107,
		111,
		150,
		174,
		219,
		249,
		324,
		346,
		347,
		451,
		453,
		454,
		468,
		490,
		491,
		539,
		540,
		614,
		617,
		630,
		633,
		652,
		653,
		707,
		722,
		734,
		760,
		765,
		780,
		781,
		788,
		814,
		815,
		835,
		836,
		846,
		853,
		924,
		925,
		983,
		1012,
		1016,
		1026,
		1032,
		1040,
		1057,
		1075,
		30018,
		30019,
		30027,
		30030,
		30059,
		30060,
		30068,
		30076,
		30077,
		30078,
		30083,
		30084,
		30085,
		30134,
		30185,
		30320,
		30325,
		30326,
		30332,
		546,
		547,
		548,
		5617,
		30200,
		30207,
		30208,
		30211,
		30231,
		30247,
		30248,
		30253
	],
	soldier: [
		54,
		98,
		99,
		121,
		152,
		183,
		227,
		240,
		250,
		251,
		252,
		339,
		340,
		360,
		378,
		391,
		392,
		395,
		417,
		434,
		439,
		440,
		445,
		446,
		516,
		575,
		611,
		631,
		641,
		647,
		650,
		701,
		719,
		721,
		731,
		734,
		764,
		766,
		768,
		732,
		829,
		844,
		852,
		853,
		875,
		922,
		945,
		948,
		980,
		1021,
		1063,
		1073,
		1074,
		30014,
		30017,
		30026,
		30033,
		30071,
		30085,
		30114,
		30115,
		30116,
		30117,
		30118,
		30119,
		30120,
		30126,
		30129,
		30130,
		30131,
		30142,
		30164,
		30314,
		30331,
		30335,
		555,
		556,
		557,
		926,
		5618,
		30221,
		30227,
		30228,
		30236,
		30239,
		30242,
		30251,
		30264,
		30265,
		30266,
		30268,
		30276,
		30281,
		30294
	],
	pyro: [
		51,
		102,
		105,
		151,
		182,
		175,
		213,
		247,
		248,
		253,
		316,
		318,
		321,
		335,
		336,
		377,
		387,
		394,
		435,
		481,
		570,
		571,
		596,
		597,
		612,
		615,
		627,
		632,
		641,
		644,
		651,
		745,
		746,
		753,
		754,
		761,
		768,
		783,
		787,
		820,
		842,
		854,
		856,
		922,
		937,
		938,
		948,
		949,
		950,
		951,
		976,
		1020,
		1031,
		1038,
		1058,
		1072,
		30020,
		30022,
		30025,
		30028,
		30032,
		30036,
		30038,
		30039,
		30040,
		30053,
		30057,
		30062,
		30063,
		30075,
		30089,
		30090,
		30091,
		30092,
		30093,
		30139,
		30162,
		30163,
		30169,
		30175,
		30176,
		30304,
		30305,
		30308,
		30321,
		30327,
		549,
		550,
		551,
		923,
		5624,
		30191,
		30192,
		30194,
		30196,
		30203,
		30204,
		30205,
		30212,
		30213,
		30216,
		30218,
		30220,
		30222,
		30225,
		30235,
		30236,
		30242,
		30245,
		30257,
		30259,
		30267,
		30269,
		30273,
		30277,
		30285,
		30286,
		30288,
		30290,
		30296,
		30298,
		30303
	],
	demoman: [
		47,
		100,
		120,
		146,
		179,
		216,
		255,
		259,
		295,
		306,
		342,
		359,
		388,
		390,
		403,
		465,
		480,
		514,
		605,
		607,
		610,
		641,
		703,
		708,
		709,
		734,
		768,
		771,
		776,
		786,
		830,
		845,
		874,
		875,
		876,
		922,
		935,
		948,
		976,
		986,
		1012,
		1016,
		1019,
		1061,
		30010,
		30011,
		30016,
		30021,
		30024,
		30029,
		30034,
		30037,
		30055,
		30061,
		30064,
		30073,
		30082,
		30085,
		30105,
		30106,
		30107,
		30110,
		30112,
		30124,
		30179,
		30180,
		30333,
		30334,
		543,
		544,
		545,
		5620,
		30193,
		30195,
		30200,
		30219,
		30226,
		30240,
		30241,
		30242,
		30243,
		30249,
		30282,
		30292
	],
	heavy: [
		49,
		96,
		97,
		145,
		185,
		246,
		254,
		290,
		292,
		309,
		313,
		330,
		358,
		378,
		380,
		392,
		427,
		478,
		479,
		485,
		515,
		517,
		524,
		535,
		585,
		601,
		603,
		613,
		635,
		643,
		647,
		757,
		777,
		814,
		815,
		835,
		836,
		840,
		853,
		866,
		876,
		946,
		952,
		985,
		989,
		990,
		991,
		1012,
		1018,
		1028,
		1060,
		30012,
		30013,
		30049,
		30054,
		30074,
		30079,
		30080,
		30081,
		30085,
		30094,
		30108,
		30122,
		30138,
		30141,
		30164,
		30165,
		30178,
		30306,
		30315,
		30319,
		561,
		562,
		563,
		930,
		931,
		932,
		5619,
		30199,
		30217,
		30238,
		30275,
		30280
	],
	engineer: [
		48,
		94,
		95,
		118,
		148,
		178,
		322,
		338,
		379,
		382,
		384,
		386,
		389,
		399,
		436,
		484,
		519,
		520,
		533,
		590,
		591,
		605,
		606,
		628,
		646,
		670,
		734,
		755,
		784,
		814,
		815,
		835,
		836,
		848,
		853,
		948,
		986,
		988,
		1008,
		1009,
		1010,
		1012,
		1017,
		1065,
		30023,
		30031,
		30035,
		30044,
		30051,
		30056,
		30070,
		30085,
		30086,
		30087,
		30099,
		30113,
		30164,
		30167,
		30168,
		30172,
		30322,
		30330,
		567,
		568,
		569,
		5621,
		918,
		30212,
		30223
	],
	medic: [
				50,
		101,
		104,
		144,
		177,
		184,
		303,
		315,
		323,
		363,
		378,
		381,
		383,
		388,
		398,
		467,
		616,
		620,
		621,
		639,
		657,
		754,
		769,
		770,
		778,
		828,
		843,
		853,
		867,
		878,
		978,
		982,
		986,
		1012,
		1039,
		1059,
		30041,
		30042,
		30043,
		30045,
		30046,
		30048,
		30052,
		30069,
		30085,
		30095,
		30096,
		30097,
		30098,
		30109,
		30121,
		30127,
		30136,
		30137,
		30171,
		30186,
		30187,
		30190,
		30299,
		30311,
		30312,
		30318,
		30323,
		552,
		553,
		554,
		5622,
		30197,
		30224,
		30229,
		30230,
		30232,
		30233,
		30237,
		30263,
		30270,
		30279,
		30293
	],
	sniper: [
		53,
		109,
		110,
		117,
		158,
		181,
		229,
		314,
		344,
		393,
		400,
		518,
		534,
		600,
		618,
		626,
		645,
		646,
		720,
		734,
		759,
		762,
		779,
		814,
		815,
		819,
		835,
		836,
		847,
		877,
		917,
		948,
		981,
		986,
		1022,
		1023,
		1029,
		1062,
		1076,
		1077,
		30002,
		30004,
		30004,
		30056,
		30067,
		30085,
		30100,
		30101,
		30103,
		30135,
		30170,
		30173,
		30181,
		30310,
		30316,
		30317,
		30324,
		30328,
		564,
		565,
		566,
		5625,
		30212,
		30284,
		30258,
		30287
	],
	spy: [
		55,
		103,
		108,
		147,
		180,
		223,
		319,
		337,
		361,
		388,
		397,
		437,
		459,
		462,
		483,
		521,
		602,
		622,
		629,
		637,
		639,
		763,
		782,
		789,
		814,
		835,
		841,
		872,
		879,
		919,
		936,
		977,
		1029,
		1030,
		1064,
		30007,
		30009,
		30047,
		30072,
		30085,
		30123,
		30125,
		30132,
		30133,
		30128,
		30182,
		30183,
		30189,
		30309,
		558,
		559,
		560,
		5623,
		30195,
		30256,
		30260,
		30261,
		30283,
		30301
	],
	allclass: [
		116,
		125,
		126,
		134,
		135,
		136,
		137,
		138,
		139,
		143,
		162,
		164,
		165,
		166,
		170,
		189,
		242,
		243,
		244,
		245,
		260,
		261,
		262,
		263,
		277,
		279,
		287,
		289,
		291,
		296,
		299,
		302,
		332,
		333,
		334,
		341,
		343,
		345,
		408,
		409,
		410,
		420,
		422,
		432,
		443,
		470,
		471,
		473,
		486,
		492,
		522,
		523,
		537,
		538,
		541,
		576,
		578,
		579,
		580,
		583,
		584,
		586,
		592,
		598,
		619,
		623,
		624,
		634,
		636,
		640,
		655,
		666,
		667,
		668,
		671,
		675,
		702,
		704,
		711,
		712,
		713,
		717,
		718,
		725,
		733,
		738,
		743,
		744,
		756,
		756,
		767,
		785,
		816,
		817,
		818,
		837,
		838,
		855,
		864,
		865,
		868,
		869,
		870,
		871,
		873,
		920,
		921,
		940,
		941,
		942,
		943,
		944,
		953,
		955,
		955,
		975,
		984,
		987,
		992,
		993,
		994,
		995,
		1011,
		1014,
		1024,
		1025,
		1033,
		1034,
		1035,
		1066,
		1067,
		1899,
		5075,
		5606,
		30000,
		30001,
		30003,
		30006,
		30008,
		30058,
		30065,
		30066,
		30104,
		30140,
		30177,
		30307,
		30313,
		30329,
		115,
		268,
		269,
		270,
		271,
		272,
		273,
		274,
		275,
		276,
		278,
		581,
		582,
		927,
		929,
		934,
		30198,
		30206,
		30214,
		30215,
		30234,
		30252,
		30254,
		30255,
		30274,
		30278,
		30289,
		30295,
		30297,
		30300,
		30302
	]
};